{
  "advancedEditorSelectedIdentifier" : "ShaderGraphEditorPluginID",
  "openSceneRelativePaths" : [
    "Immersive.usda",
    "",
    "Earth.usda",
    "Globe.usda",
    "Cube.usda"
  ],
  "recentIdentifiers" : {
    "B9C00BB8-A573-4C4E-93EF-697C1E6FDF31" : [

    ],
    "D66134B1-3681-4A8E-AFE5-29F257229F3B" : [

    ]
  },
  "sceneCameraHistory" : {
    "80A479CF-6025-4B6F-A69A-7C0671BCC388" : [
      {
        "date" : 729658560.086483,
        "title" : "Untitled",
        "transform" : [
          0.99999994,
          0,
          -0,
          0,
          -0,
          0.8660254,
          -0.49999988,
          0,
          0,
          0.49999988,
          0.8660254,
          0,
          0,
          0.8030761,
          1.3909688,
          1
        ]
      }
    ],
    "666A3F2A-2B0E-4526-89F2-CA913241E7D9" : [
      {
        "date" : 729587920.277971,
        "title" : "Untitled",
        "transform" : [
          1,
          0,
          -0,
          0,
          -0,
          0.8660253,
          -0.5000002,
          0,
          0,
          0.5000002,
          0.8660253,
          0,
          -2.9802319e-08,
          1.5521315,
          2.688372,
          1
        ]
      }
    ],
    "AF09ED6F-1707-48FD-8720-65B998362C09" : [
      {
        "date" : 729321500.395679,
        "title" : "Untitled",
        "transform" : [
          0.99909955,
          -1.929749e-09,
          0.04242682,
          0,
          0.00045998383,
          0.9999412,
          -0.010832035,
          0,
          -0.04242433,
          0.010841833,
          0.99904084,
          0,
          -0.00079286844,
          1.3391693,
          2.5318463,
          1
        ]
      },
      {
        "date" : 729321497.928617,
        "title" : "Untitled",
        "transform" : [
          0.99909955,
          -1.929749e-09,
          0.04242682,
          0,
          0.00045998383,
          0.9999412,
          -0.010832035,
          0,
          -0.04242433,
          0.010841833,
          0.99904084,
          0,
          0.078309774,
          1.1246216,
          3.5345397,
          1
        ]
      },
      {
        "date" : 729321490.195011,
        "title" : "Untitled",
        "transform" : [
          0.99909955,
          -1.929749e-09,
          0.04242682,
          0,
          0.00045998383,
          0.9999412,
          -0.010832035,
          0,
          -0.04242433,
          0.010841833,
          0.99904084,
          0,
          0.013697626,
          0.7184189,
          3.5362043,
          1
        ]
      },
      {
        "date" : 729321487.193496,
        "title" : "Untitled",
        "transform" : [
          0.99999994,
          0,
          0,
          0,
          0,
          0.86602575,
          -0.49999943,
          0,
          0,
          0.49999943,
          0.86602575,
          0,
          0.14808176,
          2.1423552,
          2.8507748,
          1
        ]
      },
      {
        "date" : 729321483.529608,
        "title" : "Untitled",
        "transform" : [
          0.99999994,
          0,
          0,
          0,
          0,
          0.86602575,
          -0.49999943,
          0,
          0,
          0.49999943,
          0.86602575,
          0,
          0.17608379,
          1.6239729,
          3.1500626,
          1
        ]
      },
      {
        "date" : 729321481.828558,
        "title" : "Untitled",
        "transform" : [
          0.99999994,
          0,
          0,
          0,
          0,
          0.86602575,
          -0.49999943,
          0,
          0,
          0.49999943,
          0.86602575,
          0,
          -0.030601516,
          1.8864968,
          2.998495,
          1
        ]
      },
      {
        "date" : 729321458.145676,
        "title" : "Untitled",
        "transform" : [
          0.99999994,
          0,
          0,
          0,
          0,
          0.86602575,
          -0.49999943,
          0,
          0,
          0.49999943,
          0.86602575,
          0,
          0,
          2.6868458,
          2.536414,
          1
        ]
      },
      {
        "date" : 729321453.9334,
        "title" : "Untitled",
        "transform" : [
          0.99999994,
          0,
          -0,
          0,
          -0,
          0.86602575,
          -0.49999943,
          0,
          0,
          0.49999943,
          0.86602575,
          0,
          0,
          3.6061995,
          4.128782,
          1
        ]
      }
    ],
    "B9C00BB8-A573-4C4E-93EF-697C1E6FDF31" : [
      {
        "date" : 729583545.574686,
        "title" : "Untitled",
        "transform" : [
          0.9605692,
          -2.0004176e-10,
          -0.2780412,
          0,
          -0.0896701,
          0.94656724,
          -0.3097898,
          0,
          0.26318473,
          0.32250655,
          0.9092434,
          0,
          1.1036985,
          1.456377,
          3.522845,
          1
        ]
      },
      {
        "date" : 729583432.368501,
        "title" : "Untitled",
        "transform" : [
          0.99660397,
          1.5720296e-09,
          -0.08234471,
          0,
          -0.012566965,
          0.98828584,
          -0.15209582,
          0,
          0.08138012,
          0.15261413,
          0.9849296,
          0,
          0.4005761,
          0.7908975,
          3.8682866,
          1
        ]
      }
    ],
    "D66134B1-3681-4A8E-AFE5-29F257229F3B" : [
      {
        "date" : 729588664.296963,
        "title" : "Untitled",
        "transform" : [
          -0.99999994,
          -1.2195813e-08,
          -0.00039085705,
          0,
          -1.7768722e-06,
          0.9999903,
          0.0044137947,
          0,
          0.00039066852,
          0.004414191,
          -0.9999902,
          0,
          -0.16782421,
          0.21114448,
          -1.3037416,
          1
        ]
      },
      {
        "date" : 729586785.757692,
        "title" : "Untitled",
        "transform" : [
          -0.99999994,
          -1.2195813e-08,
          -0.00039085705,
          0,
          -1.7768722e-06,
          0.9999903,
          0.0044137947,
          0,
          0.00039066852,
          0.004414191,
          -0.9999902,
          0,
          -0.12367529,
          0.33894768,
          -1.3031601,
          1
        ]
      },
      {
        "date" : 729586780.3858,
        "title" : "Untitled",
        "transform" : [
          -0.99999994,
          -1.2195813e-08,
          -0.00039085705,
          0,
          -1.7768722e-06,
          0.9999903,
          0.0044137947,
          0,
          0.00039066852,
          0.004414191,
          -0.9999902,
          0,
          0.08457333,
          -0.24240479,
          -1.305645,
          1
        ]
      },
      {
        "date" : 729585393.37817,
        "title" : "Untitled",
        "transform" : [
          -0.99999994,
          -1.2195813e-08,
          -0.00039085705,
          0,
          -1.7768722e-06,
          0.9999903,
          0.0044137947,
          0,
          0.00039066852,
          0.004414191,
          -0.9999902,
          0,
          -0.068719625,
          0.20590314,
          -1.303726,
          1
        ]
      },
      {
        "date" : 729585341.080411,
        "title" : "Untitled",
        "transform" : [
          -0.931181,
          -1.219572e-08,
          0.36455733,
          0,
          0.0028575854,
          0.9999693,
          0.0072992113,
          0,
          -0.3645463,
          0.007839036,
          -0.93115234,
          0,
          -0.5163595,
          0.201352,
          -1.1371646,
          1
        ]
      },
      {
        "date" : 729585333.110831,
        "title" : "Untitled",
        "transform" : [
          -0.99999684,
          -1.6832287e-08,
          0.002525108,
          0,
          -0.00036837967,
          0.9893042,
          -0.14586698,
          0,
          -0.0024982681,
          -0.14586706,
          -0.989301,
          0,
          -0.06945212,
          0.0073778746,
          -1.2631053,
          1
        ]
      },
      {
        "date" : 729585326.644117,
        "title" : "Untitled",
        "transform" : [
          -0.9981812,
          -1.6858102e-08,
          0.060285024,
          0,
          0.019911772,
          0.94387794,
          0.3296939,
          0,
          -0.056901872,
          0.33029497,
          -0.9421611,
          0,
          -0.13337992,
          0.59325373,
          -1.1093119,
          1
        ]
      },
      {
        "date" : 729585323.243776,
        "title" : "Untitled",
        "transform" : [
          -0.99907625,
          -1.6869246e-08,
          -0.042971443,
          0,
          -0.010902958,
          0.9672766,
          0.25349015,
          0,
          0.04156511,
          0.25372487,
          -0.96638304,
          0,
          -0.016387846,
          0.502124,
          -1.1609979,
          1
        ]
      },
      {
        "date" : 729585318.998003,
        "title" : "Untitled",
        "transform" : [
          -0.9865221,
          -1.6233539e-08,
          -0.16362828,
          0,
          0.0054566716,
          0.9994438,
          -0.032898825,
          0,
          0.16353713,
          -0.033347897,
          -0.9859734,
          0,
          0.1398831,
          0.1498218,
          -1.2483186,
          1
        ]
      },
      {
        "date" : 729585302.960362,
        "title" : "Untitled",
        "transform" : [
          -0.98059225,
          -1.6534496e-08,
          -0.19605799,
          0,
          -0.03550356,
          0.98346704,
          0.17757224,
          0,
          0.19281642,
          0.1810871,
          -0.96438026,
          0,
          0.1689901,
          0.41452375,
          -1.1831846,
          1
        ]
      }
    ]
  },
  "selectedSceneRelativePath" : "Cube.usda"
}