{
  "advancedEditorSelectedIdentifier" : "ProjectBrowser",
  "openSceneRelativePaths" : [
    "Immersive.usda",
    "Scene.usda"
  ],
  "recentIdentifiers" : {
    "D66134B1-3681-4A8E-AFE5-29F257229F3B" : [

    ]
  },
  "sceneCameraHistory" : {
    "AF09ED6F-1707-48FD-8720-65B998362C09" : [
      {
        "date" : 729321500.395679,
        "title" : "Untitled",
        "transform" : [
          0.99909955,
          -1.929749e-09,
          0.04242682,
          0,
          0.00045998383,
          0.9999412,
          -0.010832035,
          0,
          -0.04242433,
          0.010841833,
          0.99904084,
          0,
          -0.00079286844,
          1.3391693,
          2.5318463,
          1
        ]
      },
      {
        "date" : 729321497.928617,
        "title" : "Untitled",
        "transform" : [
          0.99909955,
          -1.929749e-09,
          0.04242682,
          0,
          0.00045998383,
          0.9999412,
          -0.010832035,
          0,
          -0.04242433,
          0.010841833,
          0.99904084,
          0,
          0.078309774,
          1.1246216,
          3.5345397,
          1
        ]
      },
      {
        "date" : 729321490.195011,
        "title" : "Untitled",
        "transform" : [
          0.99909955,
          -1.929749e-09,
          0.04242682,
          0,
          0.00045998383,
          0.9999412,
          -0.010832035,
          0,
          -0.04242433,
          0.010841833,
          0.99904084,
          0,
          0.013697626,
          0.7184189,
          3.5362043,
          1
        ]
      },
      {
        "date" : 729321487.193496,
        "title" : "Untitled",
        "transform" : [
          0.99999994,
          0,
          0,
          0,
          0,
          0.86602575,
          -0.49999943,
          0,
          0,
          0.49999943,
          0.86602575,
          0,
          0.14808176,
          2.1423552,
          2.8507748,
          1
        ]
      },
      {
        "date" : 729321483.529608,
        "title" : "Untitled",
        "transform" : [
          0.99999994,
          0,
          0,
          0,
          0,
          0.86602575,
          -0.49999943,
          0,
          0,
          0.49999943,
          0.86602575,
          0,
          0.17608379,
          1.6239729,
          3.1500626,
          1
        ]
      },
      {
        "date" : 729321481.828558,
        "title" : "Untitled",
        "transform" : [
          0.99999994,
          0,
          0,
          0,
          0,
          0.86602575,
          -0.49999943,
          0,
          0,
          0.49999943,
          0.86602575,
          0,
          -0.030601516,
          1.8864968,
          2.998495,
          1
        ]
      },
      {
        "date" : 729321458.145676,
        "title" : "Untitled",
        "transform" : [
          0.99999994,
          0,
          0,
          0,
          0,
          0.86602575,
          -0.49999943,
          0,
          0,
          0.49999943,
          0.86602575,
          0,
          0,
          2.6868458,
          2.536414,
          1
        ]
      },
      {
        "date" : 729321453.9334,
        "title" : "Untitled",
        "transform" : [
          0.99999994,
          0,
          -0,
          0,
          -0,
          0.86602575,
          -0.49999943,
          0,
          0,
          0.49999943,
          0.86602575,
          0,
          0,
          3.6061995,
          4.128782,
          1
        ]
      }
    ],
    "D66134B1-3681-4A8E-AFE5-29F257229F3B" : [
      {
        "date" : 729376058.134617,
        "title" : "Untitled",
        "transform" : [
          0.9999862,
          0,
          0.0052489988,
          0,
          0.002624499,
          0.8660254,
          -0.499993,
          0,
          -0.0045457664,
          0.49999988,
          0.86601347,
          0,
          0.0043137074,
          0.790615,
          1.3251001,
          1
        ]
      },
      {
        "date" : 729376046.933894,
        "title" : "Untitled",
        "transform" : [
          0.9999862,
          0,
          0.0052489988,
          0,
          0.002624499,
          0.8660254,
          -0.499993,
          0,
          -0.0045457664,
          0.49999988,
          0.86601347,
          0,
          0.07171033,
          0.71986395,
          1.3663025,
          1
        ]
      },
      {
        "date" : 729376003.82468,
        "title" : "Untitled",
        "transform" : [
          0.9999862,
          0,
          0.0052489988,
          0,
          0.002624499,
          0.8660254,
          -0.499993,
          0,
          -0.0045457664,
          0.49999988,
          0.86601347,
          0,
          0.023367986,
          0.5710376,
          1.4519746,
          1
        ]
      },
      {
        "date" : 729375980.087177,
        "title" : "Untitled",
        "transform" : [
          0.99999994,
          0,
          0,
          0,
          0,
          0.8660254,
          -0.49999988,
          0,
          0,
          0.49999988,
          0.8660254,
          0,
          0.010577155,
          0.15575702,
          0.38783884,
          1
        ]
      },
      {
        "date" : 729375952.257364,
        "title" : "Untitled",
        "transform" : [
          0.99999994,
          0,
          -0,
          0,
          -0,
          0.8660254,
          -0.49999988,
          0,
          0,
          0.49999988,
          0.8660254,
          0,
          0,
          0.2067918,
          0.3583739,
          1
        ]
      }
    ]
  },
  "selectedSceneRelativePath" : "Scene.usda"
}